|Id|Result|Letter
0|0|3|D
1|1|6|G
2|2|5|F
3|3|4|E
4|4|4|E
5|5|0|A
6|6|6|G
7|7|8|I
8|8|1|B
9|9|2|C
10|10|3|D
11|11|8|I
12|12|6|G
13|13|3|D
14|14|1|B
15|15|3|D
16|16|7|H
17|17|7|H
18|18|1|B
19|19|2|C
20|20|7|H
21|21|8|I
22|22|5|F
23|23|2|C
24|24|2|C
25|25|8|I
26|26|8|I
27|27|6|G
28|28|3|D
29|29|5|F
30|30|2|C
31|31|2|C
32|32|5|F
33|33|6|G
34|34|4|E
35|35|4|E
36|36|8|I
37|37|6|G
38|38|5|F
39|39|0|A
40|40|8|I
41|41|5|F
42|42|6|G
43|43|6|G
44|44|2|C
45|45|5|F
46|46|4|E
47|47|1|B
48|48|2|C
49|49|8|I
50|50|5|F
51|51|3|D
52|52|4|E
53|53|8|I
54|54|0|A
55|55|3|D
56|56|5|F
57|57|8|I
58|58|0|A
59|59|6|G
60|60|8|I
61|61|4|E
62|62|7|H
63|63|3|D
64|64|3|D
65|65|0|A
66|66|3|D
67|67|5|F
68|68|1|B
69|69|7|H
70|70|7|H
71|71|7|H
72|72|2|C
73|73|4|E
74|74|8|I
75|75|4|E
76|76|8|I
77|77|4|E
78|78|6|G
79|79|5|F
80|80|7|H
81|81|0|A
82|82|2|C
83|83|1|B
84|84|2|C
85|85|0|A
86|86|0|A
87|87|5|F
88|88|5|F
89|89|6|G
90|90|5|F
91|91|0|A
92|92|1|B
93|93|1|B
94|94|6|G
95|95|6|G
96|96|5|F
97|97|2|C
98|98|4|E
99|99|7|H
100|100|3|D
101|101|2|C
102|102|7|H
103|103|3|D
104|104|1|B
105|105|4|E
106|106|1|B
107|107|2|C
108|108|2|C
109|109|0|A
110|110|7|H
111|111|2|C
112|112|6|G
113|113|7|H
114|114|2|C
115|115|8|I
116|116|5|F
117|117|0|A
118|118|7|H
119|119|5|F
120|120|8|I
121|121|0|A
122|122|4|E
123|123|1|B
124|124|2|C
125|125|0|A
126|126|7|H
127|127|7|H
128|128|0|A
129|129|3|D
130|130|2|C
131|131|0|A
132|132|7|H
133|133|4|E
134|134|4|E
135|135|4|E
136|136|1|B
137|137|5|F
138|138|8|I
139|139|7|H
140|140|3|D
141|141|6|G
142|142|5|F
143|143|4|E
144|144|3|D
145|145|8|I
146|146|1|B
147|147|6|G
148|148|3|D
149|149|1|B
150|150|2|C
151|151|4|E
152|152|0|A
153|153|4|E
154|154|3|D
155|155|2|C
156|156|3|D
157|157|0|A
158|158|8|I
159|159|8|I
160|160|2|C
161|161|8|I
162|162|2|C
163|163|0|A
164|164|3|D
165|165|4|E
166|166|6|G
167|167|6|G
168|168|8|I
169|169|0|A
170|170|6|G
171|171|6|G
172|172|3|D
173|173|2|C
174|174|1|B
175|175|0|A
176|176|1|B
177|177|5|F
178|178|0|A
179|179|8|I
180|180|6|G
181|181|5|F
182|182|0|A
183|183|2|C
184|184|3|D
185|185|0|A
186|186|7|H
187|187|2|C
188|188|7|H
189|189|2|C
190|190|0|A
191|191|3|D
192|192|2|C
193|193|4|E
194|194|2|C
195|195|3|D
196|196|8|I
197|197|2|C
198|198|5|F
199|199|1|B
200|200|6|G
201|201|1|B
202|202|3|D
203|203|3|D
204|204|7|H
205|205|2|C
206|206|5|F
207|207|5|F
208|208|2|C
209|209|8|I
210|210|7|H
211|211|3|D
212|212|3|D
213|213|8|I
214|214|7|H
215|215|6|G
216|216|6|G
217|217|8|I
218|218|2|C
219|219|0|A
220|220|4|E
221|221|3|D
222|222|5|F
223|223|3|D
224|224|7|H
225|225|7|H
226|226|0|A
227|227|7|H
228|228|1|B
229|229|8|I
230|230|6|G
231|231|8|I
232|232|7|H
233|233|4|E
234|234|7|H
235|235|0|A
236|236|3|D
237|237|4|E
238|238|3|D
239|239|0|A
240|240|4|E
241|241|2|C
242|242|7|H
243|243|6|G
244|244|3|D
245|245|1|B
246|246|2|C
247|247|4|E
248|248|5|F
249|249|8|I
250|250|0|A
251|251|7|H
252|252|3|D
253|253|2|C
254|254|2|C
255|255|5|F
256|256|1|B
257|257|7|H
258|258|3|D
259|259|6|G
260|260|3|D
261|261|1|B
262|262|7|H
263|263|4|E
264|264|2|C
265|265|1|B
266|266|2|C
267|267|7|H
268|268|2|C
269|269|6|G
270|270|4|E
271|271|5|F
272|272|8|I
273|273|3|D
274|274|7|H
275|275|1|B
276|276|5|F
277|277|8|I
278|278|8|I
279|279|5|F
280|280|8|I
281|281|4|E
282|282|1|B
283|283|2|C
284|284|8|I
285|285|1|B
286|286|0|A
287|287|2|C
288|288|7|H
289|289|1|B
290|290|5|F
291|291|3|D
292|292|1|B
293|293|4|E
294|294|3|D
295|295|4|E
296|296|7|H
297|297|8|I
298|298|3|D
299|299|3|D
300|300|8|I
301|301|6|G
302|302|4|E
303|303|4|E
304|304|8|I
305|305|3|D
306|306|5|F
307|307|4|E
308|308|3|D
309|309|5|F
310|310|0|A
311|311|8|I
312|312|7|H
313|313|7|H
314|314|4|E
315|315|4|E
316|316|7|H
317|317|8|I
318|318|6|G
319|319|6|G
320|320|7|H
321|321|5|F
322|322|2|C
323|323|2|C
324|324|2|C
325|325|0|A
326|326|1|B
327|327|1|B
328|328|8|I
329|329|8|I
330|330|2|C
331|331|3|D
332|332|7|H
333|333|5|F
334|334|1|B
335|335|7|H
336|336|0|A
337|337|8|I
338|338|5|F
339|339|2|C
340|340|0|A
341|341|8|I
342|342|3|D
343|343|7|H
344|344|8|I
345|345|2|C
346|346|3|D
347|347|3|D
348|348|8|I
349|349|7|H
350|350|6|G
351|351|1|B
352|352|3|D
353|353|3|D
354|354|3|D
355|355|0|A
356|356|1|B
357|357|8|I
358|358|3|D
359|359|3|D
360|360|4|E
361|361|5|F
362|362|5|F
363|363|6|G
364|364|4|E
365|365|8|I
366|366|2|C
367|367|6|G
368|368|7|H
369|369|6|G
370|370|1|B
371|371|1|B
372|372|5|F
373|373|3|D
374|374|7|H
375|375|4|E
376|376|8|I
377|377|2|C
378|378|8|I
379|379|8|I
380|380|5|F
381|381|4|E
382|382|1|B
383|383|4|E
384|384|7|H
385|385|0|A
386|386|1|B
387|387|6|G
388|388|1|B
389|389|7|H
390|390|6|G
391|391|8|I
392|392|5|F
393|393|4|E
394|394|7|H
395|395|4|E
396|396|3|D
397|397|1|B
398|398|1|B
399|399|1|B
400|400|8|I
401|401|6|G
402|402|4|E
403|403|6|G
404|404|4|E
405|405|4|E
406|406|8|I
407|407|8|I
408|408|8|I
409|409|7|H
410|410|1|B
411|411|4|E
412|412|1|B
413|413|8|I
414|414|5|F
415|415|4|E
416|416|8|I
417|417|0|A
418|418|4|E
419|419|5|F
420|420|3|D
421|421|2|C
422|422|1|B
423|423|7|H
424|424|5|F
425|425|3|D
426|426|7|H
427|427|6|G
428|428|8|I
429|429|4|E
430|430|8|I
431|431|4|E
432|432|7|H
433|433|1|B
434|434|2|C
435|435|3|D
436|436|7|H
437|437|4|E
438|438|7|H
439|439|0|A
440|440|6|G
441|441|8|I
442|442|4|E
443|443|4|E
444|444|7|H
445|445|7|H
446|446|6|G
447|447|0|A
448|448|3|D
449|449|3|D
450|450|2|C
451|451|8|I
452|452|7|H
453|453|3|D
454|454|5|F
455|455|4|E
456|456|8|I
457|457|0|A
458|458|3|D
459|459|6|G
460|460|7|H
461|461|5|F
462|462|8|I
463|463|7|H
464|464|7|H
465|465|3|D
466|466|3|D
467|467|6|G
468|468|6|G
469|469|6|G
470|470|4|E
471|471|5|F
472|472|8|I
473|473|5|F
474|474|6|G
475|475|7|H
476|476|2|C
477|477|2|C
478|478|7|H
479|479|6|G
480|480|0|A
481|481|5|F
482|482|4|E
483|483|6|G
484|484|6|G
485|485|7|H
486|486|1|B
487|487|2|C
488|488|1|B
489|489|1|B
490|490|8|I
491|491|3|D
492|492|1|B
493|493|3|D
494|494|2|C
495|495|4|E
496|496|3|D
497|497|6|G
498|498|0|A
499|499|2|C
500|500|5|F
501|501|8|I
502|502|3|D
503|503|4|E
504|504|6|G
505|505|1|B
506|506|6|G
507|507|3|D
508|508|6|G
509|509|0|A
510|510|1|B
511|511|0|A
512|512|3|D
513|513|3|D
514|514|1|B
515|515|7|H
516|516|5|F
517|517|2|C
518|518|1|B
519|519|2|C
520|520|4|E
521|521|4|E
522|522|0|A
523|523|6|G
524|524|7|H
525|525|8|I
526|526|2|C
527|527|5|F
528|528|8|I
529|529|1|B
530|530|8|I
531|531|5|F
532|532|8|I
533|533|5|F
534|534|8|I
535|535|6|G
536|536|6|G
537|537|3|D
538|538|3|D
539|539|5|F
540|540|3|D
541|541|8|I
542|542|4|E
543|543|3|D
544|544|1|B
545|545|3|D
546|546|5|F
547|547|8|I
548|548|5|F
549|549|4|E
550|550|5|F
551|551|5|F
552|552|7|H
553|553|6|G
554|554|3|D
555|555|8|I
556|556|2|C
557|557|8|I
558|558|6|G
559|559|0|A
560|560|2|C
561|561|8|I
562|562|8|I
563|563|8|I
564|564|5|F
565|565|0|A
566|566|7|H
567|567|2|C
568|568|2|C
569|569|3|D
570|570|7|H
571|571|7|H
572|572|7|H
573|573|3|D
574|574|1|B
575|575|6|G
576|576|0|A
577|577|3|D
578|578|3|D
579|579|0|A
580|580|2|C
581|581|3|D
582|582|1|B
583|583|6|G
584|584|3|D
585|585|5|F
586|586|7|H
587|587|8|I
588|588|5|F
589|589|0|A
590|590|7|H
591|591|0|A
592|592|3|D
593|593|1|B
594|594|1|B
595|595|4|E
596|596|7|H
597|597|7|H
598|598|3|D
599|599|2|C
600|600|4|E
601|601|2|C
602|602|7|H
603|603|2|C
604|604|5|F
605|605|7|H
606|606|7|H
607|607|2|C
608|608|5|F
609|609|5|F
610|610|8|I
611|611|7|H
612|612|5|F
613|613|5|F
614|614|2|C
615|615|0|A
616|616|1|B
617|617|2|C
618|618|3|D
619|619|7|H
620|620|6|G
621|621|1|B
622|622|7|H
623|623|7|H
624|624|3|D
625|625|4|E
626|626|3|D
627|627|8|I
628|628|1|B
629|629|1|B
630|630|2|C
631|631|3|D
632|632|6|G
633|633|6|G
634|634|1|B
635|635|0|A
636|636|5|F
637|637|0|A
638|638|1|B
639|639|3|D
640|640|3|D
641|641|1|B
642|642|0|A
643|643|7|H
644|644|8|I
645|645|4|E
646|646|2|C
647|647|4|E
648|648|9|J
649|649|0|A
650|650|0|A
651|651|0|A
652|652|6|G
653|653|3|D
654|654|3|D
655|655|0|A
656|656|8|I
657|657|3|D
658|658|0|A
659|659|2|C
660|660|3|D
661|661|5|F
662|662|6|G
663|663|1|B
664|664|3|D
665|665|4|E
666|666|8|I
667|667|6|G
668|668|5|F
669|669|8|I
670|670|8|I
671|671|2|C
672|672|3|D
673|673|8|I
674|674|2|C
675|675|2|C
676|676|0|A
677|677|7|H
678|678|6|G
679|679|3|D
680|680|6|G
681|681|7|H
682|682|8|I
683|683|2|C
684|684|4|E
685|685|1|B
686|686|7|H
687|687|4|E
688|688|7|H
689|689|6|G
690|690|2|C
691|691|0|A
692|692|5|F
693|693|0|A
694|694|8|I
695|695|2|C
696|696|8|I
697|697|0|A
698|698|5|F
699|699|0|A
700|700|1|B
701|701|0|A
702|702|3|D
703|703|3|D
704|704|5|F
705|705|6|G
706|706|6|G
707|707|3|D
708|708|2|C
709|709|0|A
710|710|0|A
711|711|3|D
712|712|1|B
713|713|0|A
714|714|8|I
715|715|8|I
716|716|4|E
717|717|1|B
718|718|7|H
719|719|5|F
720|720|1|B
721|721|5|F
722|722|7|H
723|723|3|D
724|724|5|F
725|725|0|A
726|726|1|B
727|727|4|E
728|728|0|A
729|729|4|E
730|730|5|F
731|731|6|G
732|732|6|G
733|733|3|D
734|734|8|I
735|735|8|I
736|736|1|B
737|737|5|F
738|738|6|G
739|739|8|I
740|740|4|E
741|741|1|B
742|742|7|H
743|743|4|E
744|744|6|G
745|745|5|F
746|746|8|I
747|747|8|I
748|748|2|C
749|749|0|A
750|750|5|F
751|751|0|A
752|752|8|I
753|753|2|C
754|754|7|H
755|755|5|F
756|756|7|H
757|757|7|H
758|758|3|D
759|759|7|H
760|760|1|B
761|761|0|A
762|762|7|H
763|763|3|D
764|764|7|H
765|765|5|F
766|766|4|E
767|767|5|F
768|768|1|B
769|769|7|H
770|770|7|H
771|771|5|F
772|772|4|E
773|773|2|C
774|774|6|G
775|775|0|A
776|776|1|B
777|777|1|B
778|778|3|D
779|779|0|A
780|780|1|B
781|781|3|D
782|782|8|I
783|783|2|C
